0.00010688 86
0.00010688 0
0.100105 58
0.100105 0
0.105256 58
0.105256 0
0.110406 54
0.110406 0
0.624978 1054
0.624978 0
0.636153 1054
0.636153 0
0.636238 1054
0.636997 0
0.648172 1054
0.648172 0
0.648256 1054
0.64834 2108
0.649015 1054
0.649858 0
0.66019 1054
0.66019 0
0.660274 1054
0.660359 2108
0.661033 1054
0.661876 0
0.671365 1054
0.671365 0
0.671449 1054
0.671534 2108
0.672208 1054
0.673051 0
0.673051 1054
0.673136 2108
0.67322 3162
0.673895 2108
0.674738 1054
0.675581 0
0.683383 1054
0.683383 0
0.683468 1054
0.683552 2108
0.684226 1054
0.68507 0
0.68507 1054
0.685154 2108
0.685238 3162
0.685913 2108
0.686756 1054
0.686756 2108
0.68684 3162
0.686925 4216
0.687599 3162
0.688442 2108
0.689286 1054
0.690129 0
0.695401 1054
0.695401 0
0.695486 1054
0.69557 2108
0.696245 1054
0.697088 0
0.697088 1054
0.697172 2108
0.697256 3162
0.697931 2108
0.698774 1054
0.698774 2108
0.698859 3162
0.698943 4216
0.699617 3162
0.700461 2108
0.700461 3162
0.700545 4216
0.700629 5270
0.701304 4216
0.702147 3162
0.70299 2108
0.703833 1054
0.704677 0
0.706576 1054
0.706576 0
0.706661 1054
0.706745 2108
0.70742 1054
0.708263 0
0.708263 1054
0.708347 2108
0.708432 3162
0.709106 2108
0.709949 1054
0.709949 2108
0.710034 3162
0.710118 4216
0.710792 3162
0.711636 2108
0.711636 3162
0.71172 4216
0.711804 5270
0.712479 4216
0.713322 3162
0.713322 4216
0.713406 5270
0.713491 6324
0.714165 5270
0.715008 4216
0.715008 5270
0.715093 6324
0.715177 7378
0.715852 6324
0.716695 5270
0.717538 4216
0.717752 5270
0.717836 6324
0.71792 7378
0.718381 6324
0.719224 5270
0.719438 6324
0.719522 7378
0.719607 8432
0.720068 7378
0.720911 6324
0.721124 7378
0.721209 8432
0.721293 9486
0.721754 8432
0.722597 7378
0.722811 8432
0.722895 9486
0.722979 10540
0.72344 9486
0.724284 8432
0.724497 9486
0.724581 10540
0.724666 11594
0.725127 10540
0.72597 9486
0.726184 10540
0.726268 11594
0.726352 12648
0.726813 11594
0.727656 10540
0.72787 11594
0.727954 12648
0.728039 13702
0.7285 12648
0.729343 11594
0.729556 12648
0.729641 13702
0.729725 14756
0.730186 13702
0.731029 12648
0.731243 13702
0.731327 14756
0.731411 15810
0.731872 14756
0.732716 13702
0.732929 14756
0.733013 15810
0.733098 16864
0.733559 15810
0.734402 14756
0.734616 15810
0.7347 16864
0.734784 17918
0.735245 16864
0.736088 15810
0.736302 16864
0.736386 17918
0.736471 18972
0.736932 17918
0.737775 16864
0.737988 17918
0.738073 18972
0.738157 20026
0.738618 18972
0.739461 17918
0.739675 18972
0.739759 20026
0.739843 21080
0.740304 20026
0.741148 18972
0.741361 20026
0.741445 21080
0.74153 22134
0.741991 21080
0.742834 20026
0.743048 21080
0.743132 22134
0.743216 23188
0.743677 22134
0.744058 22188
0.74452 21134
0.744734 22188
0.744818 23242
0.744903 24296
0.745364 23242
0.746207 22188
0.74642 23242
0.746505 24296
0.746589 25350
0.74705 24296
0.747893 23242
0.748107 24296
0.748191 25350
0.748275 26404
0.748736 25350
0.74958 24296
0.749793 25350
0.749877 26404
0.749962 27458
0.750423 26404
0.751266 25350
0.75148 26404
0.751564 27458
0.751648 28512
0.752109 27458
0.752952 26404
0.753166 27458
0.75325 28512
0.753335 29566
0.753796 28512
0.754639 27458
0.754852 28512
0.754937 29566
0.755021 30620
0.755482 29566
0.756325 28512
0.756539 29566
0.756623 30620
0.756707 31674
0.757168 30620
0.758012 29566
0.758225 30620
0.758309 31674
0.758394 32728
0.758855 31674
0.759698 30620
0.759912 31674
0.759996 32728
0.76008 33782
0.760541 32728
0.761384 31674
0.761598 32728
0.761682 33782
0.761767 34836
0.762228 34782
0.762271 33728
0.763114 32674
0.763284 33728
0.763369 34782
0.763453 35836
0.763957 34782
0.7648 33728
0.764971 34782
0.765055 35836
0.765139 36890
0.765644 35836
0.766487 34782
0.766657 35836
0.766741 36890
0.766826 37944
0.76733 36890
0.768173 35836
0.768344 36890
0.768428 37944
0.768512 38998
0.769016 37944
0.76986 36890
0.77003 37944
0.770114 38998
0.770199 40052
0.770703 38998
0.771546 37944
0.771716 38998
0.771801 40052
0.771885 41106
0.772389 40052
0.773232 38998
0.774076 37944
0.774246 37998
0.77433 39052
0.774415 40106
0.774499 41160
0.774919 40106
0.775132 41160
0.775217 42214
0.775301 43268
0.775762 42214
0.776605 41160
0.776819 42214
0.776903 43268
0.776987 44322
0.777448 43268
0.778292 42214
0.778505 43268
0.778589 44322
0.778674 45376
0.779135 44322
0.779978 43268
0.780192 44322
0.780276 45376
0.78036 46430
0.780821 45376
0.781664 44322
0.781878 45376
0.781962 46430
0.782047 47484
0.782508 46430
0.783351 45376
0.783564 46430
0.783649 47484
0.783733 48538
0.784194 47484
0.785037 46430
0.785251 47484
0.785335 48538
0.785419 49592
0.78588 48538
0.786724 47484
0.786937 48538
0.787021 49592
0.787106 50646
0.787567 49592
0.78841 48538
0.788624 49592
0.788708 50646
0.788792 51700
0.789253 50646
0.790096 49592
0.79031 50646
0.790394 51700
0.790479 52754
0.79094 51700
0.791783 50646
0.791996 51700
0.792081 52754
0.792165 53808
0.792626 52754
0.793469 51700
0.793683 52754
0.793767 53808
0.793851 54862
0.794312 53808
0.795156 52754
0.795369 53808
0.795453 54862
0.795538 55916
0.795999 54862
0.796842 53808
0.797056 54862
0.79714 55916
0.797224 56970
0.797685 55916
0.798528 54862
0.798742 55916
0.798826 56970
0.798911 58024
0.799372 56970
0.800215 55916
0.800428 56970
0.800513 58024
0.800597 59078
0.801058 58024
0.801901 56970
0.802115 58024
0.802199 59078
0.802283 60132
0.802744 59078
0.803588 58024
0.803801 59078
0.803885 60132
0.80397 61186
0.804431 60132
0.805274 60078
0.805317 59024
0.805488 60078
0.805572 61132
0.805656 62186
0.80616 61132
0.807004 60078
0.807174 61132
0.807258 62186
0.807343 63240
0.807847 62186
0.80869 61132
0.80886 62186
0.808945 63240
0.809029 64294
0.809533 63240
0.810376 62186
0.810547 63240
0.810631 64294
0.810715 65348
0.81122 64294
0.812063 63240
0.812233 64294
0.812317 65348
0.812402 66402
0.812906 65348
0.813749 64294
0.81392 65348
0.814004 66402
0.814088 67456
0.814592 66402
0.815436 65348
0.815606 66402
0.81569 67456
0.815775 68510
0.816279 67456
0.817122 66402
0.817292 66456
0.817965 65402
0.81822 66456
0.818304 67510
0.818388 68564
0.818808 67510
0.819022 68564
0.819106 69618
0.819191 70672
0.819652 69618
0.820495 68564
0.820708 69618
0.820793 70672
0.820877 71726
0.821338 70672
0.822181 69618
0.822395 70672
0.822479 71726
0.822563 72780
0.823024 71726
0.823868 70672
0.824081 71726
0.824165 72780
0.82425 73834
0.824711 72780
0.825554 71726
0.825768 72780
0.825852 73834
0.825936 74888
0.826397 73834
0.82724 72780
0.827454 73834
0.827538 74888
0.827623 75942
0.828084 74888
0.828927 73834
0.82914 74888
0.829225 75942
0.829309 76996
0.82977 75942
0.830613 74888
0.830827 75942
0.830911 76996
0.830995 78050
0.831456 76996
0.8323 75942
0.832513 76996
0.832597 78050
0.832682 79104
0.833143 78050
0.833986 76996
0.8342 78050
0.834284 79104
0.834368 80158
0.834829 79104
0.835672 78050
0.835886 79104
0.83597 80158
0.836055 81212
0.836516 80158
0.837359 79104
0.837572 80158
0.837657 81212
0.837741 82266
0.838202 81212
0.839045 80158
0.839259 81212
0.839343 82266
0.839427 83320
0.839888 82266
0.840732 81212
0.840945 82266
0.841029 83320
0.841114 84374
0.841575 83320
0.842418 82266
0.842632 83320
0.842716 84374
0.8428 85428
0.843261 84374
0.844104 83320
0.844318 84374
0.844402 85428
0.844487 86482
0.844948 85428
0.845791 84374
0.846004 85428
0.846089 86482
0.846173 87536
0.846634 86482
0.847477 85428
0.847691 86482
0.847775 87536
0.847859 88590
0.84832 87536
0.849164 86482
0.849377 87536
0.849461 88590
0.849546 89644
0.850007 88590
0.85085 87536
0.851064 88590
0.851148 89644
0.851232 90698
0.851693 89644
0.852536 88590
0.85275 89644
0.852834 90698
0.852919 91752
0.85338 90698
0.854223 89644
0.854436 90698
0.854521 91752
0.854605 92806
0.855066 91752
0.855909 90698
0.856123 91752
0.856207 92806
0.856291 93860
0.856752 92806
0.857596 91752
0.857809 92806
0.857893 93860
0.857978 94914
0.858439 93860
0.859282 92806
0.859496 93860
0.85958 94914
0.859664 95968
0.860125 94914
0.860968 93860
0.861182 94914
0.861266 95968
0.861351 97022
0.861812 95968
0.862655 94914
0.862868 95968
0.862953 97022
0.863037 98076
0.863498 97022
0.864341 95968
0.864555 97022
0.864639 98076
0.864723 99130
0.865184 98076
0.866028 97022
0.866241 98076
0.866325 99130
0.86641 100184
0.866871 99130
0.867714 98076
0.867928 99130
0.868012 100184
0.868096 101238
0.868557 100184
0.8694 99130
0.869614 100184
0.869698 101238
0.869783 102292
0.870244 101238
0.871087 101184
0.87113 100130
0.8713 101184
0.871385 102238
0.871469 103292
0.871973 102238
0.872816 101184
0.872987 102238
0.873071 103292
0.873155 104346
0.87366 103292
0.874503 102238
0.874673 103292
0.874757 104346
0.874842 105400
0.875346 104346
0.876189 103292
0.87636 104346
0.876444 105400
0.877032 104346
0.877876 103292
0.878046 104346
0.878046 105400
0.878719 104346
0.879562 103292
0.879732 104346
0.879732 105400
0.880405 104346
0.881248 103292
0.881419 104346
0.881419 105400
0.882092 104346
0.882262 105400
0.882935 104346
0.883778 103292
0.883948 104346
0.883948 105400
0.884621 104346
0.884835 105400
0.885464 104346
0.886308 103292
0.886521 103346
0.886521 103400
0.887151 102346
0.887994 101292
0.888208 102346
0.888208 103400
0.888837 102346
0.88968 101292
0.889894 102346
0.889894 103400
0.890524 102346
0.891367 101292
0.89158 102346
0.89158 103400
0.89221 102346
0.893053 101292
0.893267 102346
0.893267 103400
0.893896 102346
0.89474 101292
0.894953 102346
0.894953 103400
0.895583 102346
0.896426 101292
0.89664 102346
0.89664 103400
0.897269 102346
0.898112 101292
0.898326 102346
0.898326 103400
0.898956 102346
0.899799 101292
0.900012 102346
0.900012 103400
0.900642 102346
0.901485 101292
0.901699 102346
0.901699 103400
0.902328 102346
0.903172 101292
0.903385 102346
0.903385 103400
0.904015 102346
0.904858 101292
0.905072 102346
0.905072 103400
0.905701 102346
0.905778 103400
0.906544 102346
0.906978 103400
0.907388 102346
0.908231 101292
0.908578 102346
0.908578 103400
0.909074 102346
0.909917 101292
0.910178 102346
0.910178 103400
0.91076 102346
0.911604 101292
0.912178 102346
0.912178 103400
0.912447 102346
0.912578 103400
0.91329 102346
0.913778 103400
0.914133 102346
0.914178 103400
0.914976 102346
0.915378 103400
0.91582 102346
0.916663 101292
0.916978 102346
0.916978 103400
0.917506 102346
0.918349 101292
0.918578 102346
0.918578 103400
0.919192 102346
0.920036 101292
0.920578 102346
0.920578 103400
0.920879 102346
0.920978 103400
0.921722 102346
0.922178 103400
0.922565 102346
0.922578 103400
0.923408 102346
0.923778 103400
0.924252 102346
0.925095 101292
0.925378 102346
0.925378 103400
0.925938 102346
0.926781 101292
0.927378 102346
0.927378 103400
0.927624 102346
0.927778 103400
0.928468 102346
0.928978 103400
0.929311 102346
0.929378 103400
0.930154 102346
0.930578 103400
0.930997 102346
0.93184 101292
0.932178 102346
0.932178 103400
0.932684 102346
0.933527 101292
0.933778 102346
0.933778 103400
0.93437 102346
0.935213 101292
0.935778 102346
0.935778 103400
0.936056 102346
0.936178 103400
0.9369 102346
0.937378 103400
0.937743 102346
0.937778 103400
0.938586 102346
0.938978 103400
0.939429 102346
0.940272 101292
0.940578 102346
0.940578 103400
0.941116 102346
0.941959 101292
0.942178 102346
0.942178 103400
0.942802 102346
0.943645 101292
0.944178 102346
0.944178 103400
0.944488 102346
0.944578 103400
0.945332 102346
0.945778 103400
0.946175 102346
0.946178 103400
0.947018 102346
0.947378 103400
0.947861 102346
0.948704 101292
0.948978 102346
0.948978 103400
0.949548 102346
0.950391 101292
0.950978 102346
0.950978 103400
0.951234 102346
0.951378 103400
0.952077 102346
0.952578 103400
0.95292 102346
0.952978 103400
0.953764 102346
0.954178 103400
0.954607 102346
0.95545 101292
0.955778 102346
0.955778 103400
0.956293 102346
0.957136 101292
0.957378 102346
0.957378 103400
0.95798 102346
0.958823 101292
0.959378 102346
0.959378 103400
0.959666 102346
0.959778 103400
0.960509 102346
0.960978 103400
0.961352 102346
0.961378 103400
0.962196 102346
0.962578 103400
0.963039 102346
0.963882 101292
0.964178 102346
0.964178 103400
0.964725 102346
0.965568 101292
0.966178 102346
0.966178 103400
0.966412 102346
0.966578 103400
0.967255 102346
0.967778 103400
0.968098 102346
0.968178 103400
0.968941 102346
0.969378 103400
0.969784 103346
0.969828 103292
0.969871 102238
0.970714 101184
0.970978 102238
0.970978 103292
0.970978 104346
0.970978 105400
0.971557 104346
0.9724 103292
0.972578 104346
0.972578 105400
0.973244 104346
0.974087 103292
0.974578 104346
0.974578 105400
0.97493 104346
0.974978 105400
0.975773 104346
0.976178 105400
0.976616 104346
0.97746 103292
0.977778 104346
0.977778 105400
0.978303 104346
0.979146 103292
0.979378 104346
0.979378 105400
0.979989 104346
0.980832 103292
0.981676 102238
0.981803 103292
0.981803 104346
0.981803 105400
0.982519 104346
0.983362 103292
0.983489 104346
0.983489 105400
0.984205 104346
0.985048 103292
0.985176 104346
0.985176 105400
0.985892 104346
0.986178 105400
0.986735 104346
0.986978 105400
0.987578 104346
0.987778 105400
0.988421 104346
0.988578 105400
0.989264 104346
0.989778 105400
0.990108 104346
0.990178 105400
0.990951 104346
0.991378 105400
0.991794 104346
0.992637 103292
0.992978 104346
0.992978 105400
0.99348 104346
0.994324 103292
0.994578 104346
0.994578 105400
0.995167 104346
0.99601 103292
0.996578 103346
0.996578 103400
0.996853 102346
0.996978 102400
0.997696 101346
0.998178 102400
0.99854 101346
0.998578 102400
0.999383 101346
0.999778 102400
1.00023 101346
1.00107 100292
1.00138 101346
1.00138 102400
1.00191 101346
1.00276 100292
1.00298 101346
1.00298 102400
1.0036 101346
1.00444 100292
1.00498 101346
1.00498 102400
1.00529 101346
1.00538 102400
1.00613 101346
1.00658 102400
1.00697 101346
1.00698 102400
1.00781 101346
1.00818 102400
1.00866 101346
1.0095 100292
1.00978 101346
1.00978 102400
1.01034 101346
1.01119 100292
1.01178 101346
1.01178 102400
1.01203 101346
1.01218 102400
1.01287 101346
1.01338 102400
1.01372 101346
1.01378 102400
1.01456 101346
1.01498 102400
1.0154 101346
1.01625 100292
1.01658 101346
1.01658 102400
1.01709 101346
1.01793 100292
1.01818 101346
1.01818 101432
1.01878 100378
1.01962 99324
1.02018 100378
1.02018 101432
1.02046 100378
1.02058 101432
1.02131 100378
1.02178 101432
1.02215 100378
1.02218 101432
1.02299 100378
1.02338 101432
1.02384 100378
1.02468 99324
1.02498 100378
1.02498 101432
1.02552 100378
1.02637 99324
1.02698 100378
1.02698 101432
1.02721 100378
1.02738 101432
1.02805 100378
1.02858 101432
1.02889 100378
1.02898 101432
1.02974 100378
1.03018 101432
1.03058 100378
1.03142 99324
1.03178 100378
1.03178 101432
1.03227 100378
1.03311 99324
1.03338 100378
1.03338 101432
1.03395 100378
1.0348 99324
1.03538 100378
1.03538 101432
1.03564 100378
1.03578 101432
1.03648 100378
1.03698 101432
1.03733 100378
1.03738 101432
1.03817 100378
1.03858 101432
1.03901 100378
1.03986 99324
1.04018 100378
1.04018 101432
1.0407 100378
1.04154 99324
1.04178 100378
1.04178 101432
1.04239 100378
1.04323 99324
1.04378 100378
1.04378 101432
1.04407 100378
1.04418 101432
1.04492 100378
1.04538 101432
1.04576 100378
1.04578 101432
1.0466 100378
1.04698 101432
1.04745 100378
1.04829 99324
1.04858 100378
1.04858 101432
1.04913 100378
1.04997 99324
1.05058 100378
1.05058 101432
1.05082 100378
1.05098 101432
1.05166 100378
1.05218 101432
1.0525 100378
1.05258 101432
1.05335 100378
1.05378 101432
1.05419 100378
1.05503 99324
1.05538 100378
1.05538 101432
1.05588 100378
1.05672 99324
1.05698 100378
1.05698 101432
1.05756 100378
1.05841 99324
1.05898 100378
1.05898 101432
1.05925 100378
1.05938 101432
1.06009 100378
1.06058 101432
1.06094 100378
1.06098 101432
1.06178 100378
1.06218 101432
1.06262 100378
1.06347 99324
1.06378 100378
1.06378 101432
1.06431 100378
1.06515 99324
1.06538 100378
1.06538 101432
1.066 100378
1.06684 99324
1.06738 100378
1.06738 101432
1.06768 100378
1.06778 101432
1.06853 100378
1.06898 101432
1.06937 100378
1.06938 101432
1.07021 100378
1.07058 101432
1.07105 100378
1.0719 99324
1.07218 100378
1.07218 101432
1.07274 100378
1.07358 99324
1.07418 100378
1.07418 101432
1.07443 100378
1.07458 101432
1.07527 100378
1.07578 101432
1.07611 100378
1.07618 101432
1.07696 100378
1.07738 101432
1.0778 100378
1.07864 99324
1.07898 100378
1.07898 101432
1.07949 101378
1.07953 101324
1.07957 101270
1.07962 100216
1.08046 99162
1.08058 100216
1.08058 101270
1.08058 102324
1.08058 103378
1.08058 104432
1.0813 103378
1.08215 102324
1.08258 103378
1.08258 104432
1.08299 103378
1.08383 102324
1.08418 103378
1.08418 104432
1.08468 103378
1.08552 102324
1.08578 103378
1.08578 104432
1.08636 103378
