1 2945.31
2 2019.53
3 3799.48
4 3439.45
5 3962.5
6 4179.69
7 4074.78
8 4549.8
9 4780.38
10 4884.38
11 4669.03
12 4749.35
13 4731.97
14 4393.97
15 4217.19
16 4531.74
17 4504.14
18 4763.45
19 4789.88
20 4644.92
21 4555.43
22 4486.86
23 4467.39
24 4410.16
25 4552.5
26 4436
27 4532.7
28 4488.28
29 4580.28
30 4679.43
31 4750.76
32 4822.75
33 4812.5
34 4882.58
35 4813.17
36 4692.06
37 4586.36
38 4547.7
39 4633.41
40 4729.49
41 4662.73
42 4708.15
43 4638.08
44 4658.38
45 4751.39
46 4650.31
47 4746.18
48 4689.29
49 4740.43
50 4813.44
51 4719.67
52 4748.2
53 4691.48
54 4776.04
55 4809.23
56 4803.01
57 4737.12
58 4749.73
59 4809.72
60 4791.93
