1 117.188
2 2773.44
3 1885.42
4 1708.98
5 2939.06
6 3157.55
7 3835.94
8 3817.38
9 4403.65
10 3985.94
11 4343.04
12 4568.36
13 4216.95
14 4100.45
15 4407.29
16 4137.21
17 4263.33
18 4230.9
19 4273.44
20 4341.02
21 4571.8
22 4519.18
23 4651.49
24 4457.68
25 4568.44
26 4496.69
27 4339.7
28 4512.28
29 4626.08
30 4543.23
31 4578.88
32 4605.47
33 4569.13
34 4559.97
35 4612.05
36 4583.33
37 4559.97
38 4681.13
39 4561.1
40 4501.95
41 4617
42 4672.62
43 4563.95
44 4630.33
45 4579.86
46 4633.83
47 4628.16
48 4532.88
49 4597.58
50 4539.06
51 4584.25
52 4566.71
53 4601.86
54 4523.58
55 4539.06
56 4496.93
57 4546.6
58 4503.5
59 4483.45
60 4529.82
