1 117.188
2 2710.94
3 1848.96
4 1642.58
5 2676.56
6 2903.65
7 3529.02
8 3494.14
9 4035.59
10 3632.03
11 4022.73
12 4298.18
13 3967.55
14 3882.81
15 4225
16 3960.94
17 4136.49
18 4117.19
19 4146.79
20 4195.31
21 4403.65
22 4329.55
23 4450.75
24 4265.3
25 4350.94
26 4292.37
27 4142.94
28 4323.1
29 4447.2
30 4483.07
31 4538.05
32 4587.16
33 4551.61
34 4556.07
35 4600.67
36 4572.27
37 4546.88
38 4655.63
39 4536.26
40 4477.73
41 4593.18
42 4643.97
43 4535.97
44 4564.28
45 4516.84
46 4572.18
47 4566.49
48 4472.49
49 4549.43
50 4498.91
51 4544.88
52 4531.85
53 4567.66
54 4490.02
55 4521.59
56 4479.91
57 4529.88
58 4486.93
59 4479.87
60 4534.77
