1 2945.31
2 2863.28
3 4888.02
4 4261.72
5 5228.12
6 5335.94
7 5280.13
8 5690.43
9 6007.81
10 5985.16
11 5625.71
12 5522.14
13 5445.31
14 5056.36
15 4801.04
16 5080.08
17 5000
18 5187.07
19 5223.68
20 5097.66
21 5030.51
22 4962.36
23 4961.96
24 4884.44
25 4985
26 4846.75
27 4928.24
28 4850.73
29 4894.67
30 4951.04
31 5013.1
32 5075.93
33 5058
34 5115.35
35 5104.46
36 4975.04
37 4888.51
38 4890.01
39 4966.95
40 5056.45
41 4989.71
42 5045.2
43 4967.48
44 5018.82
45 5102.26
46 4993.55
47 5082.11
48 5018.23
49 5028.54
50 5072.97
51 4974.11
52 4989.93
53 4925.12
54 5005.5
55 5042.33
56 5031.95
57 4962.03
58 4976.83
59 5041.71
60 5019.01
