1 117.188
2 2140.62
3 1429.69
4 1326.17
5 1618.75
6 1981.77
7 2431.92
8 2367.19
9 2697.92
10 2460.94
11 2867.9
12 3104.82
13 2865.99
14 2859.93
15 3276.04
16 3071.29
17 3299.17
18 3424.05
19 3535.36
20 3639.06
21 3903.27
22 3867.9
23 4027.85
24 3860.03
25 3994.06
26 3921.27
27 3785.01
28 3900.95
29 3984.38
30 4050.78
31 4162.8
32 4272.22
33 4245.98
34 4281.71
35 4338.84
36 4317.71
37 4301.31
38 4429.07
39 4315.5
40 4262.5
41 4383.57
42 4441.22
43 4337.94
44 4403.23
45 4357.99
46 4416.78
47 4411.74
48 4320.96
49 4386.48
50 4332.03
51 4381.28
52 4365.08
53 4404.04
54 4329.43
55 4349.57
56 4310.83
57 4363.76
58 4323.81
59 4353.95
60 4428.91
