1 2945.31
2 4191.41
3 5773.44
4 4925.78
5 5779.69
6 5795.57
7 5683.04
8 6046.88
9 6348.09
10 6324.22
11 6032.67
12 6039.06
13 5922.48
14 5499.44
15 5229.69
16 5481.93
17 5380.06
18 5553.82
19 5560.44
20 5408.2
21 5287.2
22 5198.86
23 5169.84
24 5083.66
25 5230.94
26 5079.93
27 5152.78
28 5105.19
29 5084.59
30 4951.82
31 4855.85
32 4824.71
33 4814.39
34 4846.28
35 4821.65
36 4700.09
37 4605.79
38 4589.84
39 4674.48
40 4767.19
41 4705.41
42 4755.95
43 4684.77
44 4708.27
45 4797.92
46 4695.82
47 4790.72
48 4733.07
49 4783.64
50 4855.78
51 4761.18
52 4788.91
53 4731.43
54 4815.25
55 4858.66
56 4851.56
57 4784.81
58 4797.82
59 4847.06
60 4811.59
