1 2945.31
2 2019.53
3 3796.88
4 3435.55
5 3959.38
6 4177.08
7 4071.43
8 4546.88
9 4777.78
10 4882.03
11 4666.9
12 4747.4
13 4730.17
14 4392.3
15 4215.62
16 4530.27
17 4502.76
18 4762.15
19 4783.72
20 4632.42
21 4542.41
22 4473.72
23 4457.54
24 4400.72
25 4546.88
26 4428.49
27 4525.46
28 4482.42
29 4575.16
30 4650.52
31 4722.78
32 4795.65
33 4786.22
34 4857.08
35 4788.39
36 4667.75
37 4562.5
38 4523.03
39 4609.38
40 4706.05
41 4639.1
42 4684.34
43 4614.83
44 4638.32
45 4731.25
46 4630.6
47 4726.89
48 4670.41
49 4722.1
50 4795.47
51 4702.05
52 4730.92
53 4674.53
54 4759.4
55 4796.88
56 4790.88
57 4725.19
58 4738.01
59 4798.46
60 4780.73
