1 117.188
2 2773.44
3 1885.42
4 1708.98
5 2939.06
6 3158.85
7 3837.05
8 3818.36
9 4404.51
10 3986.72
11 4343.75
12 4569.01
13 4217.55
14 3948.66
15 4260.94
16 4004.39
17 4135.11
18 4102.86
19 4150.49
20 4223.83
21 4460.94
22 4411.58
23 4549.25
24 4359.7
25 4474.38
26 4411.96
27 4258.1
28 4433.59
29 4558.46
30 4602.86
31 4637.35
32 4664.55
33 4626.42
34 4616.27
35 4666.74
36 4636.5
37 4611.7
38 4731.91
39 4610.78
40 4550.39
41 4664.25
42 4719.49
43 4609.74
44 4672.76
45 4622.74
46 4675.61
47 4670.05
48 4573.89
49 4639.83
50 4580.62
51 4625
52 4606.67
53 4641.07
54 4562.07
55 4577.13
56 4534.32
57 4583.33
58 4539.6
59 4519.2
60 4564.97
